score: 0.7915429773228361
Duration: 209.1505253314972
